   1.0000000346825850        9.8373249160609091E-003   5.1855800162751837       0.98810434802134284       0.72899809165518870        1.5219942277375100        9.5487796424013673        19.139648978266351        29.956857005253980     
   2.0000003768634458        9.2387441880979072E-003   5.1988196075193400       0.99030023185731186       0.71513783968263356        1.5101281865200431        9.5556275479630219        19.138753219816035        29.955564867306755     
   3.0000005381993993        8.2730319717435278E-003   5.2163514265729249       0.99331085204974856       0.72279882812971097        1.5206389828134708        9.5675363795723705        19.137309225063856        29.953419289709394     
   4.0000010578188423        7.0046084321812802E-003   5.2333493504314195       0.99634657072380084       0.72195069641975917        1.5121667187235475        9.5843009232530534        19.135352126954110        29.950427242379977     
   5.0000016774603822        5.5010975906658521E-003   5.2454195295145869       0.99859879779927985       0.71772469551533669        1.5184672742780809        9.6052311030493271        19.132903740170406        29.946594616484330     
   6.0000021964604935        3.8453822360286173E-003   5.2496264194198146       0.99966366789163741       0.72423023580182277        1.5144359370993759        9.6293200580481884        19.129978113515978        29.941927229626184     
   7.0000028501652869        2.1678079384113260E-003   5.2451291782190674       0.99940515845939637       0.71819814900392942        1.5163704758731722        9.6553736231913749        19.126588921234379        29.936432251250075     
   8.0000036198399744        9.3915340828847071E-004   5.2333239385672314       0.99800622778742065       0.72223352553956810        1.5159940327259174        9.6821156951748435        19.122754965016387        29.930119093322975     
   9.0000038579730806        1.7772619028691785E-003   5.2174737201450805       0.99604670706643583       0.72017780427844824        1.5152895799149178        9.7082781805462091        19.118502558424719        29.922999381133852     
   10.000004161445698        3.1962187503267363E-003   5.2018818262249296       0.99425998018119477       0.72181055332254518        1.5161842418015197        9.7326767344826113        19.113864358504106        29.915085945847839     
   11.000005037955134        4.4760386840716525E-003   5.1907609881261019       0.99335145951582726       0.71861007177947123        1.5158906883821146        9.7542706907604710        19.108874626856359        29.906391196387808     
   12.000005558193909        5.4929499875558136E-003   5.1870697728446524       0.99373711128035647       0.72510797144130257        1.5148506409117799        9.7722056888324165        19.103561509369783        29.896925864210512     
   13.000005910593746        6.2137030519901449E-003   5.1916664027550992       0.99536942972825848       0.71519397235737692        1.5180530545084134        9.7858381933464766        19.097939363993433        29.886699889206351     
   14.000005994203550        6.6139356643258838E-003   5.2030741197600854       0.99791695459581198       0.72732164393547816        1.5124376479168811        9.7947418903660957        19.092011380784520        29.875725943675153     
   15.000006071929699        6.7277817761831858E-003   5.2179459848097736        1.0006745838195199       0.71533293450416846        1.5207940755820293        9.7986968478033720        19.085792782833661        29.864021411540694     
   16.000006205086052        6.5949119372989730E-003   5.2320637375239558        1.0028083059477577       0.72491909749173022        1.5098805033653184        9.7976614883692967        19.079327920110458        29.851605831497995     
   17.000006317804452        6.3030165051759434E-003   5.2415406008543934        1.0037512991373032       0.71954954925963099        1.5229280276760244        9.7917237389056471        19.072671032514020        29.838497780372453     
   18.000006440432166        5.9555101413772647E-003   5.2438856457459027        1.0032193547537580       0.72021287449280180        1.5082824724010344        9.7810190091102012        19.065864590677002        29.824714538966816     
   19.000006590310477        5.6697689653173837E-003   5.2386902866533278        1.0013004100610110       0.72381718047286603        1.5235455611448052        9.7656039678503195        19.058937920230978        29.810273587702124     
   20.000007023842791        5.5550667143375067E-003   5.2277122137452636       0.99843940543496801       0.71714443604930700        1.5085197452401033        9.7454493485700695        19.051914945744507        29.795194239837638     
   21.000007289536164        5.6403303336540070E-003   5.2140311329476576       0.99532384063106483       0.72586461784912459        1.5222382416228486        9.7210890000229089        19.044821927866511        29.779498565826753     
   22.000007840741535        5.8914644232359852E-003   5.2009853881050851       0.99281919895028958       0.71586682769856980        1.5108496103972815        9.6940673827898802        19.037692494495111        29.763211233344439     
   23.000007946027953        6.1853518504080118E-003   5.1917636331249311       0.99157659923977870       0.72678347943893373        1.5192252986486694        9.6661190690610326        19.030569306798633        29.746358369396884     
   24.000007988142521        6.4165573359636118E-003   5.1887735875616698       0.99181830241479563       0.71556750281071912        1.5146004859543765        9.6387122935819249        19.023502026701923        29.728965706559588     
   25.000008335278036        6.4677233694510183E-003   5.1928953809784444       0.99345514212673458       0.72626514891351202        1.5153538225603647        9.6130808815745095        19.016541694573483        29.711057264623541     
   26.000009198007337        6.2819864043325100E-003   5.2031501926443706       0.99594764110216571       0.71737600386237033        1.5184545330602044        9.5902785100798411        19.009732209449641        29.692656380684667     
   27.000009285333132        5.8117100095105177E-003   5.2169381056957640       0.99852111927090459       0.72327290211668116        1.5118974253182413        9.5711956171353929        19.003102157989531        29.673789267974477     
   28.000009339834335        5.0556343850452386E-003   5.2307461563076050        1.0004377124890433       0.72124179398175936        1.5210748562103504        9.5565577418996632        18.996667350816370        29.654486490064400     
   29.000009479803339        4.0375051668903117E-003   5.2410805607501665        1.0011879495660192       0.71983424958975661        1.5101525162071170        9.5469170630015068        18.990454264544141        29.634779974917105     
   30.000009972791513        2.8155666382491166E-003   5.2453521228523226        1.0006876858668952       0.72337080672251253        1.5215575902006886        9.5426420873852535        18.984516895591778        29.614699799699004     
   31.000010093561226        1.5991963063035459E-003   5.2425063242651362       0.99917838392635738       0.71970797541844589        1.5109010261206151        9.5439081036663520        18.978916742440262        29.594273902246474     
   32.000010372260569        1.3610521532667883E-003   5.2332706575784789       0.99714176976538227       0.72214228203494302        1.5196605390994269        9.5506899766383686        18.973700348190828        29.573529484008969     
   33.000011459807347        2.6119830003311162E-003   5.2199763288316738       0.99538276230420397       0.72117627072486323        1.5140177265869319        9.5627580060389370        18.968897481010334        29.552494596334764     
   34.000011768234614        4.1749828229350611E-003   5.2059880025942711       0.99460189400935128       0.72201238944265367        1.5158426181141602        9.5796767847236310        18.964528732811633        29.531199078661260     
   35.000012733618178        5.7028751228901161E-003   5.1948528525737068       0.99519733217200201       0.71907071606663342        1.5185207147894451        9.6008061488642316        18.960613164576767        29.509674412974352     
   36.000012897121792        7.0664196307658519E-003   5.1893691130521917       0.99718533763031758       0.72643884005490522        1.5111724692263515        9.6253010824048459        18.957173261515706        29.487952953159958     
   37.000012903315110        8.1860158676691271E-003   5.1908415936945422        1.0001419114157646       0.71391597632105941        1.5230088749337121        9.6521040527751847        18.954236320192898        29.466066455817543     
   38.000012918179074        8.9908302721878487E-003   5.1987762751380862        1.0033772719588596       0.73030957931004481        1.5070788732314875        9.6799137743783366        18.951832074754929        29.444045339312108     
   39.000013258192276        9.4498874785782349E-003   5.2111264242108888        1.0060742873860542       0.71351596894701397        1.5261849210382192        9.7071197118563397        18.949986668024334        29.421920147777392     
   40.000013385155306        9.5364819837798522E-003   5.2248841883761754        1.0074964798932324       0.72674847673830445        1.5048716114017335        9.7318899658100833        18.948713793001517        29.399725109896362     
   41.000013675312289        9.2574962341376247E-003   5.2364974394485699        1.0073897744739158       0.72062005899912629        1.5272447496470192        9.7529410053087080        18.948006182195861        29.377498988923428     
   42.000013692653582        8.6340450295519598E-003   5.2425832056862278        1.0058334691655926       0.71848028909706041        1.5051042689317957        9.7699697577499709        18.947837602860208        29.355281387473710     
   43.000013899510428        7.6973466477706478E-003   5.2412723716165628        1.0032158727118337       0.72758552568468893        1.5260579681134721        9.7828620208462471        18.948185717436015        29.333109274819392     
   44.000014361067507        6.5103336301230406E-003   5.2328756799889637        1.0002553642201018       0.71487103032423471        1.5073866531438718        9.7913556560966359        18.949049592155021        29.311016767502267     
   45.000014453347958        5.1269443737636342E-003   5.2197381447662003       0.99773955482076204       0.72722678440129929        1.5231637902038824        9.7951527159930460        18.950430705824793        29.289036715868676     
   46.000014710990023        3.6567130898517868E-003   5.2055785441626874       0.99634157010880076       0.71818804563249117        1.5107456979146572        9.7940349535916695        18.952311807750121        29.267202346308853     
   47.000014767271800        2.2492898092594323E-003   5.1944670128432104       0.99636185663841226       0.72326326801723206        1.5196047373937562        9.7879341352519962        18.954659124863159        29.245548215040916     
   48.000015297419885        1.4358463838838953E-003   5.1896660252256872       0.99758522057480714       0.72095608445062620        1.5140135365342295        9.7769746609561352        18.957436545502645        29.224109967263203     
   49.000015512947378        1.9882372046881027E-003   5.1926597811529973       0.99955435964150641       0.72307701087505516        1.5166564366152369        9.7614980982625514        18.960618737458788        29.202923105358845     
   50.000016017393193        3.0943828870729300E-003   5.2026945168896992        1.0015254624902679       0.71881574013638483        1.5162243155327566        9.7420726316116770        18.964196370953573        29.182021038958474     
   51.000016056411098        4.1472073574411192E-003   5.2169963884493677        1.0027156782115301       0.72633804264375057        1.5152886479195169        9.7194868840508146        18.968172856223322        29.161433970623424     
   52.000016389921313        5.0192049617283222E-003   5.2315834673633095        1.0026782099464853       0.71641291818112685        1.5169192810667786        9.6947259454043877        18.972556489728483        29.141190400217731     
   53.000017244599299        5.6625507781889973E-003   5.2423874717668131        1.0013263714661285       0.72663740503944008        1.5155528858707901        9.6689287206986094        18.977351254039213        29.121321150599861     
   54.000017290429859        6.0917543583639449E-003   5.2463463228044782       0.99898095010315868       0.71877366394324615        1.5162339034492462        9.6433272435000781        18.982547390677404        29.101860654054136     
   55.000017822435943        6.3272622606739080E-003   5.2422000432454219       0.99625480510028219       0.72264501548852356        1.5167987371671645        9.6191693240302829        18.988113757675411        29.082843433009110     
   56.000017990894214        6.4225413988774046E-003   5.2308342877223586       0.99384963725313302       0.72349618392036275        1.5147827984490869        9.5976253715163615        18.994000634351401        29.064301098275021     
   57.000018032389448        6.4350311518142503E-003   5.2151162306946812       0.99257108455804421       0.71855443368896033        1.5181711431239395        9.5796751397695683        19.000163298547992        29.046262299721121     
   58.000018542099582        6.4233569291502028E-003   5.1992567503287681       0.99286368370857636       0.72640448005585601        1.5134630374409841        9.5659611470028363        19.006581499042777        29.028754433340652     
   59.000018899454069        6.4375674433042014E-003   5.1878097307858342       0.99467448248352008       0.71682205167801438        1.5188995368982445        9.5566123732021016        19.013241941963951        29.011805346382936     
   60.000019151212477        6.4872836198501677E-003   5.1843458456732572       0.99759669093512660       0.72753885571329746        1.5131630910849008        9.5513360029014116        19.020115785974372        28.995444107071833     
   61.000019608279402        6.5631975250801102E-003   5.1898838906898268        1.0008795833106992       0.71598248524511154        1.5185698726344030        9.5502922542723461        19.027157035885129        28.979700634284555     
   62.000019948602265        6.6097972044205019E-003   5.2024987161254614        1.0037044481499309       0.72810330322646921        1.5141857986580729        9.5542246691208632        19.034311171908765        28.964604208388408     
   63.000020053888683        6.5792581511305648E-003   5.2184436460320018        1.0053866909130091       0.71646068017815545        1.5172984591766210        9.5635147710591220        19.041523898671471        28.950181368478667     
   64.000020631415666        6.4070144328626354E-003   5.2333664589444231        1.0055366658248450       0.72632661889577688        1.5159136794546768        9.5779512070176498        19.048746919311316        28.936454613643502     
   65.000020963532378        6.0577273251381878E-003   5.2434087569968781        1.0043209932286752       0.71994512520483545        1.5156962952823594        9.5968805091794671        19.055940048732989        28.923443971915415     
   66.000021167911896        5.5027925734569541E-003   5.2461196761088447        1.0021976562350503       0.72192027687464100        1.5173683597680641        9.6193493086730513        19.063069709772815        28.911170920255319     
   67.000021582864250        4.7407638417086189E-003   5.2410026653082173       0.99979354777903329       0.72431627921739350        1.5146283335950850        9.6442165732297020        19.070104033113292        28.899659478433126     
   68.000021795759579        3.8022426039170114E-003   5.2295961205920012       0.99790371680886170       0.71904012574851928        1.5177014328591958        9.6702502599144413        19.077005298396617        28.888932511210601     
   69.000021908168321        2.7649364010671712E-003   5.2150728371677255       0.99712453411455437       0.72494198601835347        1.5149094597220221        9.6962125178341232        19.083722505332624        28.879008438771098     
   70.000022316617688        1.8912106968747991E-003   5.2014210853261496       0.99770158806994136       0.72049933426711976        1.5164455258919787        9.7209322961940501        19.090193542052980        28.869901213573314     
   71.000022444200056        1.8421693156151068E-003   5.1923704191876237       0.99941098524602046       0.72279481092690001        1.5169829938485548        9.7433630227807768        19.096367748926784        28.861622109103862     
   72.000022801244882        2.7689821756311521E-003   5.1903405912307354        1.0016050044081788       0.72196112204960017        1.5136903192993560        9.7626234219632515        19.102224404488410        28.854181577134600     
   73.000023068796253        4.0135171706599942E-003   5.1957461266751555        1.0035898651953612       0.72353495712498250        1.5204326080166368        9.7780203606768463        19.107754669043352        28.847590426638185     
   74.000023257382807        5.2627163668896382E-003   5.2068951686406360        1.0046519467260859       0.71887117878761242        1.5101268709095357        9.7890540094822729        19.112939237753849        28.841859959252147     
   75.000023674193159        6.3765536074706572E-003   5.2205172916496565        1.0042830646993217       0.72827031865388814        1.5240644479036605        9.7954058940390407        19.117746719151722        28.837001065380441     
   76.000024213011883        7.2955161979263994E-003   5.2327346254134692        1.0024919814653601       0.71445179586656693        1.5068831866350254        9.7969090758525077        19.122141745822937        28.833022583414550     
   77.000024463841299        7.9577726228128743E-003   5.2401666649749110       0.99966449535006474       0.73049705258921871        1.5265984068214347        9.7934942784330374        19.126092998713318        28.829930090312050     
   78.000024895825277        8.3532557325039138E-003   5.2408737041864750       0.99648989546381150       0.71571842280940468        1.5051580960077675        9.7850960990492997        19.129578310345273        28.827727173380044     
   79.000025182421112        8.4566648310240248E-003   5.2349131671742759       0.99376922121219669       0.72617334076061191        1.5271128137072174        9.7715382348947841        19.132586286705592        28.826419002947745     
   80.000025653732663        8.2853510958076984E-003   5.2241928024065105       0.99217247540995479       0.72227133640228058        1.5057864147783278        9.7527425964094867        19.135114407496534        28.826013088873353     
   81.000026760788387        7.8526955947536385E-003   5.2115003838219174       0.99219689709103864       0.71958868985921154        1.5252798533388481        9.7295442321466474        19.137163754096534        28.826515383314085     
   82.000027129910194        7.1979594085153477E-003   5.1998646687401466       0.99381146779775298       0.72724145284326547        1.5088348140326315        9.7035544799844793        19.138730988278297        28.827926999761566     
   83.000028320575723        6.3760461285492457E-003   5.1922324808229314       0.99647063295944327       0.71721040831811655        1.5214778994504965        9.6763252699524802        19.139800502467939        28.830244341081542     
   84.000028621261336        5.4490137885896501E-003   5.1907178498935513       0.99944761438979435       0.72722435864572910        1.5134024135245332        9.6491776598114747        19.140346582256306        28.833461023791688     
   85.000029646255598        4.5115257208127981E-003   5.1958982884235061        1.0019350591739189       0.71865875498279252        1.5167384520177847        9.6232707675168143        19.140355892585593        28.837569801192398     
   86.000030125308797        3.6567293290129584E-003   5.2065675299703198        1.0033155035332892       0.72565170702676418        1.5180361491367382        9.5996411776552666        19.139844150518584        28.842563526720923     
   87.000030391621507        3.0235458206177403E-003   5.2200400298806962        1.0033139201289578       0.71971720535101691        1.5125010281962805        9.5792099140022451        19.138836673482761        28.848434936513392     
   88.000030669082179        2.7145354130968576E-003   5.2328824951645219        1.0020441618265568       0.72561926470096816        1.5213438266960779        9.5627742014966906        19.137346375583871        28.855175306504730     
   89.000031269834096        2.7641873777715983E-003   5.2418239873467112        1.0001098321159385       0.71926390733979562        1.5101476152234052        9.5509918390520809        19.135372018284816        28.862772582367057     
   90.000032009006702        3.0442503359146707E-003   5.2445861467174542       0.99824240353501648       0.72611027419758123        1.5224072675405864        9.5443621639816509        19.132905441433017        28.871210336956228     
   91.000032028825316        3.4438125166147077E-003   5.2404397844503121       0.99708816315640802       0.71937372429479007        1.5104255492212413        9.5432060907052918        19.129938676467027        28.880469559486770     
   92.000032381225154        3.8794890670660635E-003   5.2303812506489180       0.99718074649712563       0.72553274616110663        1.5209916867513416        9.5476472086297264        19.126468735010089        28.890532877525377     
   93.000032692129750        4.3505761729536550E-003   5.2169008610764669       0.99863045047348464       0.72028596218234497        1.5131186542669646        9.5575952120101366        19.122500352047481        28.901385828131421     
   94.000033071160857        4.8540770468015497E-003   5.2033823193052076        1.0011052218262568       0.72468458814505587        1.5175840256049240        9.5727321487881447        19.118047532799146        28.913013330815243     
   95.000033406219401        5.4049392709785149E-003   5.1932492979056581        1.0039088280794988       0.72133819350294781        1.5172019870381550        9.5925010069375389        19.113133877426165        28.925396580802808     
   96.000033562291037        5.9898038409000615E-003   5.1890654322581655        1.0061744609437762       0.72336564561321859        1.5132765591485113        9.6160943565113648        19.107789399296347        28.938513215903562     
   97.000033649616839        6.5788513425910780E-003   5.1918552428712523        1.0072791576590936       0.72366553793305499        1.5213085308958436        9.6424348023935433        19.102042982806346        28.952339201900770     
   98.000033801662809        7.1308107002995870E-003   5.2008819022176205        1.0068490395804512       0.71989887272592934        1.5094953513435461        9.6701278771606045        19.095920653845340        28.966850620928600     
   99.000034212279843        7.5833078715685882E-003   5.2139425236666836        1.0048642617509400       0.72822043335249254        1.5242440243772497        9.6974107228254862        19.089463203642023        28.982024506280759     
   100.00003429062532        7.8955199223293103E-003   5.2278456515295533        1.0018285767554533       0.71536765904134059        1.5074588618073193        9.7224816248838195        19.082738211506047        28.997838454903668     
   101.00003445072261        8.0050132364431585E-003   5.2387912463064312       0.99850815471032917       0.73139953940176483        1.5253198754211645        9.7444100675212404        19.075818309250963        29.014269206411850     
   102.00003491831818        7.8916203443673751E-003   5.2435117117606183       0.99574430773281630       0.71479179110220714        1.5075405089199025        9.7629547808076467        19.068759947167397        29.031290679621382     
   103.00003522798411        7.5139097969931790E-003   5.2405727561070323       0.99420429869315508       0.72913019356502318        1.5244967715323039        9.7777996535253955        19.061602950298141        29.048872857343007     
   104.00003550854146        6.8759038339841743E-003   5.2307710106150322       0.99415190453502067       0.71971118560126790        1.5092559679150293        9.7884897377421947        19.054378834622799        29.066983466121382     
   105.00003581449140        5.9724422523281563E-003   5.2168510640320651       0.99553799252628561       0.72334287294605282        1.5223355090366530        9.7945739317549858        19.047118899637223        29.085591931419987     
   106.00003616627191        4.8353753062525097E-003   5.2027516098272972       0.99782567108776643       0.72465809048852714        1.5116778467268364        9.7957076720486143        19.039859522434970        29.104670490885216     
   107.00003640595334        3.5163795677487183E-003   5.1925262264705712        1.0001734503165305       0.72081186052852153        1.5198178092602381        9.7917179279007289        19.032644006082180        29.124190630842943     
   108.00003673048325        2.1234781754501885E-003   5.1891843273756777        1.0018376039477344       0.72439093059844373        1.5137899083157518        9.7826453994627354        19.025520717182399        29.144120068065263     
   109.00003736127276        1.1361474238112941E-003   5.1937898134911453        1.0023033269967878       0.72318687581304186        1.5180724927430347        9.7687692200885898        19.018537592795489        29.164423010360668     
   110.00003771057594        1.8206996620621296E-003   5.2051263404272863        1.0014654715888938       0.72163248149468384        1.5148559649705413        9.7506147047395473        19.011733771904240        29.185062206577243     
   111.00003793972873        3.2036819137684809E-003   5.2200531440803211       0.99962668496822071       0.72481489032712632        1.5177774131235451        9.7289432454446612        19.005131766070775        29.206001115471572     
   112.00003821378309        4.5782606604716459E-003   5.2344168650843095       0.99736465787932538       0.72266004633033998        1.5146796981025290        9.7047238601308745        18.998740958011272        29.227205233838252     
   113.00003839710531        5.7954279299942358E-003   5.2442056287148819       0.99554650843785697       0.72128055101789190        1.5186684800979966        9.6790866145068470        18.992581841183032        29.248642244159129     
   114.00003845284519        6.7873844891290624E-003   5.2466137133249919       0.99486705554499888       0.72784708491024719        1.5136164854650807        9.6532589025757094        18.986701933794858        29.270280895240692     
   115.00003845779985        7.5176086080897412E-003   5.2407742233481445       0.99564519387345796       0.71623040857541331        1.5199463071512307        9.6284852607771736        18.981155077476700        29.292089020198599     
   116.00003864855405        7.9555146587236402E-003   5.2280196892686677       0.99783936278763130       0.73126249235724083        1.5124050745190201        9.6059291502662028        18.975979950627053        29.314032111886281     
   117.00003981475598        8.1053707729609511E-003   5.2116266991242632        1.0009587036697558       0.71543676914218890        1.5207555764954110        9.5865485142626401        18.971199087830957        29.336074563092044     
   118.00003982435562        7.9697454793750903E-003   5.1960872807421321        1.0042548390286294       0.72959481743100241        1.5119215105273291        9.5709287867978006        18.966826844409990        29.358183122157421     
   119.00004009252632        7.5915444610306663E-003   5.1859928099031052        1.0068779292578194       0.71902032386615167        1.5204538185916456        9.5591399113156470        18.962877241245295        29.380327868335318     
   120.00004132344843        7.0196552052611168E-003   5.1844829303276132        1.0080940926784305       0.72563949099404079        1.5128667733965449        9.5511453603680092        18.959369107508959        29.402478650721100     
   121.00004137794963        6.3346973291271850E-003   5.1918038921251544        1.0077026571386083       0.72254750836957071        1.5188670409601226        9.5476500441399246        18.956327657264133        29.424602303817505     
   122.00004194897362        5.6314079869208529E-003   5.2055422703161121        1.0058843556315793       0.72305840958967893        1.5151741065487152        9.5495414137171579        18.953782239826907        29.446663209270842     
   123.00004242709782        5.0068569294922198E-003   5.2217679550587084        1.0031561202988861       0.72442614593041876        1.5163911287277148        9.5571415550666430        18.951760519685813        29.468625112794118     
   124.00004245434843        4.5506419701841806E-003   5.2361439494392039        1.0003317755403807       0.72160114154323196        1.5179117685809338        9.5702135281897593        18.950279906310271        29.490452958237068     
   125.00004258936278        4.2864770441675562E-003   5.2450046397045265       0.99820226782416199       0.72603708937317557        1.5139011403612976        9.5881120681729612        18.949339616794614        29.512113734341682     
   126.00004294609793        4.1807485738150612E-003   5.2462224902772672       0.99737053350483873       0.71993750734625273        1.5199518542198356        9.6099039621384055        18.948923749404518        29.533576152594765     
   127.00004320312067        4.1313288645962506E-003   5.2396766350415493       0.99798924549794266       0.72764243953976848        1.5124371388496649        9.6344685717860230        18.949025126158890        29.554809380962016     
   128.00004337777224        4.0514690201642811E-003   5.2272469371506354       0.99967856540477151       0.71913265639439161        1.5204089934875553        9.6605883755514164        18.949662123020975        29.575781375591028     
   129.00004362860167        3.8705035704555118E-003   5.2123398953563820        1.0018757091515011       0.72745407286797059        1.5128576304641339        9.6870303853366035        18.950858419194976        29.596458071559059     
   130.00004411880283        3.5927647110713585E-003   5.1990167173078312        1.0038021371656041       0.72022126809641196        1.5188733524366365        9.7126160223454647        18.952620495081206        29.616805242442528     
   131.00004521316225        3.2774510640094867E-003   5.1908994832465067        1.0047376612545607       0.72614415531602783        1.5154469100606291        9.7362766325802621        18.954936087264599        29.636792287068975     
   132.00004526270882        3.0987819485199185E-003   5.1901465941532843        1.0043107103642461       0.72113252825390972        1.5155752214197904        9.7570924530569432        18.957782190070940        29.656392899872955     
   133.00004537852388        3.2561009136906163E-003   5.1968261828223472        1.0025721454880006       0.72647200581597848        1.5195125303640917        9.7743143279138298        18.961133065958677        29.675581725966254     
   134.00004549248095        3.8469483077831676E-003   5.2089113590526663        1.0000645764621507       0.71967042195862463        1.5113815491415981        9.7873679287797781        18.964965288100668        29.694331727658280     
   135.00004569066715        4.7447393901960009E-003   5.2229017017566477       0.99755626945322495       0.72864809183354506        1.5237023928724513        9.7958409240785738        18.969259093963675        29.712614626149591     
   136.00004594954785        5.7936071226832673E-003   5.2348541705067833       0.99577822722753762       0.71820281251813534        1.5075697243798714        9.7994504250219734        18.973995911420502        29.730402647285317     
   137.00004631619234        6.8339822690343006E-003   5.2415030202054922       0.99542069419945234       0.72841273085808522        1.5266911550431033        9.7979808514160602        18.979152371618962        29.747670033571367     
   138.00004648790210        7.7688259775093027E-003   5.2411784796828016       0.99671317136218496       0.72103200683567381        1.5054177099283019        9.7911773521873364        18.984691710629860        29.764393619244366     
   139.00004670993258        8.5003912402196805E-003   5.2342603363788882       0.99938959523438708       0.72336506156220370        1.5275853622519906        9.7786931260378012        18.990555858553371        29.780552343585729     
   140.00004683194095        8.9660015973134378E-003   5.2227759904264142        1.0028018894793895       0.72759871743583238        1.5057238408875078        9.7605992612824384        18.996668623081984        29.796125805067582     
   141.00004700473454        9.1127816426979213E-003   5.2095022323980826        1.0060712634801590       0.71714928047444382        1.5261275001944195        9.7380369806168776        19.002961100135010        29.811092483469498     
   142.00004739770063        8.9043328500388094E-003   5.1976388321922817        1.0084703301666254       0.73188589900712242        1.5083974149044750        9.7125657779267005        19.009393888370983        29.825428917901686     
   143.00004792630037        8.3363854447755948E-003   5.1902952298277834        1.0094601847934686       0.71586131837912659        1.5227726124152805        9.6855744259923036        19.015944057913508        29.839111579734620     
   144.00004801765184        7.4096873818939634E-003   5.1895894288932221        1.0088388476929042       0.73020050467339748        1.5124336909372598        9.6582778645111329        19.022586983554646        29.852120384647929     
   145.00004849949201        6.1686773606308585E-003   5.1959426145150633        1.0069888512816716       0.71976971251393673        1.5185972940211598        9.6317847813370498        19.029293789304781        29.864438968875024     
   146.00004898191284        4.6575467842608059E-003   5.2078834390941795        1.0045944480816804       0.72567743150036623        1.5164178898833265        9.6071252167228778        19.036034170299864        29.876051208463529     
   147.00005019828066        2.9527302380080258E-003   5.2224234501627258        1.0024679461100316       0.72340613839509837        1.5150174746834304        9.5852519971402756        19.042779058212510        29.886939116959045     
   148.00005028127111        1.1353336034111130E-003   5.2358628072764617        1.0013052400526123       0.72426101422988809        1.5190967858003059        9.5670277858335364        19.049502686054353        29.897083683158549     
   149.00005031343767        7.6104000947721279E-004   5.2447627644988266        1.0014071402436269       0.72263375619384129        1.5132650010358901        9.5532029167508057        19.056183380131237        29.906467129627355     
   150.00005046331597        2.5580500434812612E-003   5.2468136865584940        1.0027632939835507       0.72675412597670885        1.5197423873563718        9.5443880770421128        19.062801892551263        29.915074779784746     
   151.00005090764790        4.2470272795349304E-003   5.2414025045120356        1.0048626053259937       0.71980536889102786        1.5138236422940772        9.5410246089200630        19.069336849879694        29.922895833721594     
   152.00005104699756        5.7315302080111182E-003   5.2297745848956803        1.0068862041512545       0.72872288074959024        1.5183091216907676        9.5433554182613722        19.075757654673893        29.929922701435530     
   153.00005216303362        6.9587273706685727E-003   5.2147608105167693        1.0081018809157865       0.71990838157241410        1.5162427774063325        9.5513987039175579        19.082017693836274        29.936149186260806     
   154.00005217789757        7.8675287392457136E-003   5.2001075359729265        1.0079655657899003       0.72639834990843177        1.5154175752904964        9.5649256506663551        19.088057555074847        29.941568275214369     
   155.00005270185233        8.4287063526932420E-003   5.1895335811257270        1.0063374787887576       0.72423473662641469        1.5194451532175062        9.5834415496632470        19.093828577585356        29.946171242173445     
   156.00005285018233        8.6289355132378957E-003   5.1857487763085359        1.0035025613926614       0.72135715600352013        1.5121936905049171        9.6061654349637013        19.099310524999005        29.949949598067718     
   157.00005332474538        8.4744613321153933E-003   5.1897383537318875        1.0000585576247434       0.72915096641053556        1.5221931134399731        9.6319951113545734        19.104492887239303        29.952898532436222     
   158.00005356071082        8.0133515676927541E-003   5.2005625227551917       0.99696208090470528       0.71767979105380320        1.5099498283069881        9.6594398311922411        19.109353409949364        29.955016822097544     
   159.00005382144954        7.2957431454367186E-003   5.2156649016760976       0.99502153978562213       0.73105841159988405        1.5235423201223335        9.6866405473770030        19.113857301182250        29.956303409426578     
   160.00005442436913        6.4287669249085506E-003   5.2312477726091471       0.99467220828879921       0.71756636819915753        1.5095794257456545        9.7120269522346430        19.117965681572265        29.956755490083378     
   161.00005455566748        5.5131005607734302E-003   5.2429345286868339       0.99593298783653317       0.72993495432780475        1.5231193155417369        9.7350015001155548        19.121643772921185        29.956369314813688     
   162.00005501830839        4.7130227324911718E-003   5.2473379967013587       0.99834031709377058       0.71945952082947695        1.5110138499172869        9.7552499359911717        19.124866128041635        29.955141983535292     
