  0.50000020468918460        1.6578061411883218E-008
   1.0000004036805159        3.3175587907802019E-008
   1.5000005166543915        4.9721838477411329E-008
   2.0000006034847204        6.6254224760142770E-008
   2.5000007233873713        8.2812587063011759E-008
   3.0000009387600306        9.9367618084271570E-008
   3.5000010884215782        1.1563534581965159E-007
   4.0000012092841937        1.3215146623762945E-007
   4.5000012416133170        1.4869852592414643E-007
   5.0000013652009931        1.6513774975997360E-007
   5.5000015637278254        1.8169231480062881E-007
   6.0000015778485922        1.9822650518267311E-007
   6.5000016767558924        2.1474580581951268E-007
   7.0000017176317959        2.3129393837134575E-007
   7.5000017500847864        2.4786681492596498E-007
   8.0000018289567016        2.6437434508461824E-007
   8.5000018894344578        2.8092074370700744E-007
   9.0000023302748868        2.9751832287735872E-007
   9.5000025119868585        3.1408226302638271E-007
   10.000002759007376        3.3067246777618508E-007
   10.500002896251321        3.4730924312049161E-007
   11.000003190921685        3.6385252040650975E-007
   11.500003248705349        3.8048673483278231E-007
   12.000003275955951        3.9696706015203714E-007
   12.500003308347008        4.1356507557956323E-007
   13.000003362228881        4.3015984889576949E-007
   13.500003419950612        4.4676706617040600E-007
   14.000003531925815        4.6334304524909905E-007
   14.500003686758784        4.7991541142609204E-007
   15.000003805360837        4.9638249213554268E-007
   15.500003950284496        5.1292618667831532E-007
   16.000004117256371        5.2945193127947840E-007
   16.500004261312963        5.4598958575795087E-007
   17.000004512204306        5.6251386356429209E-007
   17.500004523011647        5.7902321851578518E-007
   18.000004583706172        5.9538834597991761E-007
   18.500004641675634        6.1194111726802345E-007
   19.000005071739690        6.2847534188844885E-007
   19.500005300273148        6.4502491264041198E-007
   20.000005344586345        6.6154131750032531E-007
   20.500005528651780        6.7809799986504368E-007
   21.000005590956565        6.9464508758188374E-007
   21.500005695561718        7.1121211896760309E-007
   22.000005890496428        7.2778200210947295E-007
   22.500005989713394        7.4436820661237347E-007
   23.000006122776846        7.6093096139854347E-007
   23.500006226824603        7.7754070046163551E-007
   24.000006428974526        7.9412680732871304E-007
   24.500006511593398        8.1057871272228562E-007
   25.000006685099223        8.2717965120456913E-007
   25.500006888859410        8.4376056136263530E-007
   26.000006965006264        8.6030976000735742E-007
   26.500007081316788        8.7689746723656777E-007
   27.000007100020611        8.9346987385999994E-007
   27.500007224815985        9.0987140349568981E-007
   28.000007315733903        9.2641094315447671E-007
   28.500007474546081        9.4291890016415611E-007
   29.000007515855515        9.5946368939450960E-007
   29.500007688587175        9.7603657535527766E-007
   30.000007740858784        9.9231112085532890E-007
   30.500007874510604        1.0087823086655301E-006
   31.000008096293350        1.0252774417083734E-006
   31.500008143981901        1.0418643855345585E-006
   32.000008237129414        1.0584155545793017E-006
   32.500008375983626        1.0750230963660671E-006
   33.000008408932075        1.0914823556747845E-006
   33.500008870334327        1.1080738991076641E-006
   34.000008993705237        1.1246485274634096E-006
   34.500009038204233        1.1411762836635250E-006
   35.000009094222797        1.1577745558789094E-006
   35.500009321827264        1.1743936015736081E-006
   36.000009471086244        1.1907298594981522E-006
   36.500009513340160        1.2073094377455682E-006
   37.000009516963253        1.2238802991268987E-006
   37.500009793433001        1.2404761697644077E-006
   38.000009954118653        1.2570255258680584E-006
   38.500010166673356        1.2735867218672724E-006
   39.000010239878385        1.2899968835255869E-006
   39.500010294503454        1.3065278746883492E-006
   40.000010384987839        1.3230180958403625E-006
   40.500010634052153        1.3395475299092757E-006
   41.000010694560878        1.3560391183390582E-006
   41.500010903864087        1.3725173191855769E-006
   42.000011127319027        1.3889882549109940E-006
   42.500011606991563        1.4053502512563606E-006
   43.000011707447193        1.4218517325089342E-006
   43.500011747951497        1.4383376746157994E-006
   44.000011872932667        1.4548616378805294E-006
   44.500011911826711        1.4714006919939223E-006
   45.000011958307567        1.4879423574423062E-006
   45.500012152406178        1.5043424712645000E-006
   46.000012630282654        1.5209345045696016E-006
   46.500012764801539        1.5375509865244216E-006
   47.000013198860280        1.5540651085120553E-006
   47.500013420704960        1.5706964399537639E-006
   48.000013432348396        1.5873402748007621E-006
   48.500013549936298        1.6037427849333881E-006
   49.000013786273335        1.6203783613699867E-006
   49.500013858859035        1.6370020051663959E-006
   50.000013958315989        1.6535244341001566E-006
   50.500014023810337        1.6701379514250422E-006
   51.000014055520133        1.6864432636848661E-006
   51.500014063261780        1.7030133212167322E-006
   52.000014063881110        1.7195583598981483E-006
   52.500014357568283        1.7360958851361381E-006
   53.000014590560937        1.7526271169081831E-006
   53.500014659368709        1.7691355462946482E-006
   54.000014665128496        1.7854621915115086E-006
   54.500014796860384        1.8020097950615411E-006
   55.000015177130152        1.8185015008800587E-006
   55.500015228163100        1.8350203073178477E-006
   56.000015243522533        1.8515440329832626E-006
   56.500015265694614        1.8681226375061695E-006
   57.000015273312393        1.8846140173075747E-006
   57.500015304898319        1.9011804858293583E-006
   58.000015359925960        1.9177345015509318E-006
   58.500015716723048        1.9343357538223346E-006
   59.000015756917691        1.9509144770508374E-006
   59.500016261115768        1.9675222158023558E-006
   60.000016361447535        1.9839213517613346E-006
   60.500016456050474        2.0005159232215906E-006
   61.000016490733060        2.0171103308267369E-006
   61.500016557249303        2.0336951686162372E-006
   62.000016787269161        2.0502686435900342E-006
   62.500017055749531        2.0668497358511385E-006
   63.000017161531417        2.0833996922551966E-006
   63.500017345472983        2.0996894775973059E-006
   64.000017412484695        2.1162208636301888E-006
   64.500017633957768        2.1327789467585657E-006
   65.000017678425792        2.1492960230293700E-006
   65.500017794736323        2.1658073502621142E-006
   66.000017813564014        2.1823041734017486E-006
   66.500017885654245        2.1986454957848539E-006
   67.000017978801750        2.2151767774094866E-006
   67.500018067923619        2.2316751469199608E-006
   68.000018130599997        2.2482189182169062E-006
   68.500018206034625        2.2647920280440125E-006
   69.000018242822932        2.2813599076762180E-006
   69.500018441876193        2.2979653332676580E-006
   70.000018561469190        2.3145499236754482E-006
   70.500018923344797        2.3311962261314861E-006
   71.000018926193718        2.3478031713803033E-006
   71.500018941924750        2.3643839726151679E-006
   72.000018946260084        2.3809174866951236E-006
   72.500019194736026        2.3975710288756615E-006
   73.000019325538915        2.4141773822896052E-006
   73.500019391714531        2.4307273516741485E-006
   74.000019486441346        2.4472976447359770E-006
   74.500019498456382        2.4637495008413305E-006
   75.000019564539087        2.4802941188797787E-006
   75.500019755541032        2.4968292942737104E-006
   76.000019841132698        2.5133456295281237E-006
   76.500020084963666        2.5298577380355753E-006
   77.000020178978247        2.5463678520632650E-006
   77.500020396859199        2.5628707622979431E-006
   78.000020540110654        2.5792330365009410E-006
   78.500020554603026        2.5957664192710616E-006
   79.000020566602572        2.6122417397667377E-006
   79.500020595587316        2.6287353315180617E-006
   80.000020779033406        2.6452436474663739E-006
   80.500020797489498        2.6617984096599049E-006
   81.000020907916380        2.6783280455847685E-006
   81.500021159488981        2.6947289248793397E-006
   82.000021337206263        2.7112765444198249E-006
   82.500021579117288        2.7278652357203083E-006
   83.000021701621137        2.7444417825541341E-006
   83.500021848619554        2.7610364366003756E-006
   84.000021943748933        2.7776315754395188E-006
   84.500021967159682        2.7940819007882396E-006
   85.000022203496727        2.8106787835273439E-006
   85.500022268062068        2.8272484484465649E-006
   86.000022360590251        2.8438349612830186E-006
   86.500022537161769        2.8604509535537396E-006
   87.000022562740170        2.8770064080398119E-006
   87.500022564288500        2.8932900607611182E-006
   88.000022717882814        2.9098521668992765E-006
   88.500022940099086        2.9264436476872060E-006
   89.000023160457374        2.9429843727088468E-006
   89.500023339815883        2.9595643424401700E-006
   90.000023569464133        2.9759744121063508E-006
   90.500023746716920        2.9925435613805021E-006
   91.000023748574918        3.0090796286654498E-006
   91.500023840731501        3.0256579237260657E-006
   92.000023886314324        3.0422042284750914E-006
   92.500024080474873        3.0587642673298976E-006
   93.000024446376145        3.0750111627034730E-006
   93.500024515741316        3.0916111577490455E-006
   94.000024700178344        3.1081889288871813E-006
   94.500024839404148        3.1248046203492681E-006
   95.000024853772643        3.1413802487667389E-006
   95.500025007088254        3.1576279686833060E-006
   96.000025091348348        3.1742270665704197E-006
   96.500025187592527        3.1908353032834480E-006
   97.000025242744030        3.2073995724595519E-006
   97.500025287212054        3.2239880144970956E-006
   98.000025388906352        3.2405446142758286E-006
   98.500025538072435        3.2571004873355164E-006
   99.000025576904548        3.2733873291174644E-006
   99.500025774533341        3.2899589636842143E-006
   100.00002598188566        3.3064670337558009E-006
   100.50002617381661        3.3229867984920151E-006
   101.00002633459516        3.3394475635370100E-006
   101.50002638253144        3.3559833516474656E-006
   102.00002648205808        3.3724723185836168E-006
   102.50002660511932        3.3888795761875940E-006
   103.00002682151388        3.4053532329236956E-006
   103.50002706299138        3.4218658311152465E-006
   104.00002706447778        3.4383798818042732E-006
   104.50002709724043        3.4549324677912506E-006
   105.00002732738416        3.4714499859629192E-006
   105.50002745224145        3.4879079637779433E-006
   106.00002747788180        3.5044703558630209E-006
   106.50002757917353        3.5209704713428090E-006
   107.00002763540887        3.5375724093224489E-006
   107.50002777153802        3.5542191847196412E-006
   108.00002794835726        3.5708433213982403E-006
   108.50002805884607        3.5871334214700833E-006
   109.00002806448198        3.6037080947872195E-006
   109.50002817794359        3.6203574939355186E-006
   110.00002820513225        3.6369295880866926E-006
   110.50002841421869        3.6535506925992097E-006
   111.00002844543302        3.6699249756322011E-006
   111.50002860986564        3.6864914392627875E-006
   112.00002872617615        3.7030475111684575E-006
   112.50002880921308        3.7195477171353960E-006
   113.00002903873748        3.7360605290346445E-006
   113.50002906685515        3.7524994456656562E-006
   114.00002915504800        3.7689799004135166E-006
   114.50002948713376        3.7855000199496584E-006
   115.00002960833700        3.8019784785246503E-006
   115.50002979952475        3.8185159732867191E-006
   116.00002987878375        3.8350212519896291E-006
   116.50002991337342        3.8515712447014212E-006
   117.00003001853598        3.8679689351234742E-006
   117.50003005064835        3.8845369438080386E-006
   118.00003028091594        3.9010997907744660E-006
   118.50003039784579        3.9176854205616835E-006
   119.00003044116805        3.9342235024555507E-006
   119.50003055884112        3.9508057970105770E-006
   120.00003066257921        3.9673308937162200E-006
   120.50003069497026        3.9839196632758599E-006
   121.00003072383112        4.0005019036514699E-006
   121.50003077114808        4.0171029702454977E-006
   122.00003101219204        4.0336553349998589E-006
   122.50003110688789        4.0502316641754047E-006
   123.00003159324920        4.0667799308589181E-006
   123.50003160910410        4.0832879747814109E-006
   124.00003170299482        4.0998169297011112E-006
   124.50003196311421        4.1163635525660848E-006
   125.00003213788966        4.1328694253613445E-006
   125.50003225494338        4.1494215468727002E-006
   126.00003231885843        4.1659539425615807E-006
   126.50003243170070        4.1823602964227947E-006
   127.00003255928307        4.1988787964082609E-006
   127.50003260498976        4.2154169232635187E-006
   128.00003265174931        4.2319583864797069E-006
   128.50003267299240        4.2485436962697463E-006
   129.00003294556035        4.2649620484260680E-006
   129.50003316155235        4.2815325820971786E-006
   130.00003321791155        4.2981195255471180E-006
   130.50003325420440        4.3147355452837925E-006
   131.00003340185310        4.3313394382373705E-006
   131.50003348001280        4.3479771075420458E-006
   132.00003373180218        4.3645792913984113E-006
   132.50003393717262        4.3811977183566509E-006
   133.00003416360036        4.3977838611552165E-006
   133.50003417611086        4.4144019641656961E-006
   134.00003438479473        4.4309745508228144E-006
   134.50003440535656        4.4474684136593422E-006
   135.00003451225322        4.4640029816041942E-006
   135.50003455213820        4.4805452926906216E-006
   136.00003457734502        4.4970763305078810E-006
   136.50003480290567        4.5136119818529355E-006
   137.00003519977355        4.5300960000261538E-006
   137.50003532085293        4.5466283373969124E-006
   138.00003551250518        4.5629846123582956E-006
   138.50003565117359        4.5794924715440284E-006
   139.00003584867852        4.5959677166023928E-006
   139.50003592027329        4.6124861101102558E-006
   140.00003599576985        4.6289896614680261E-006
   140.50003605225291        4.6455172459118670E-006
   141.00003615363752        4.6620235404788318E-006
   141.50003652523665        4.6783320698296204E-006
   142.00003667201833        4.6949047317359277E-006
   142.50003678941266        4.7114487788211519E-006
   143.00003692417928        4.7280002110499346E-006
   143.50003692554182        4.7445573960792377E-006
   144.00003703058050        4.7611252301856835E-006
   144.50003724189654        4.7774307384696456E-006
   145.00003735356208        4.7940070994379743E-006
   145.50003749826897        4.8106171434484059E-006
   146.00003754074740        4.8270769052335840E-006
   146.50003755096637        4.8436542976801747E-006
   147.00003756434393        4.8602397598498235E-006
   147.50003781034255        4.8767524705389122E-006
   148.00003781950866        4.8933299068181551E-006
   148.50003799160552        4.9097625768258425E-006
   149.00003818415578        4.9262487217292729E-006
   149.50003832932720        4.9428236249326829E-006
   150.00003838246587        4.9590856935527832E-006
   150.50003849283081        4.9756412738931246E-006
   151.00003871698249        4.9920448813470534E-006
   151.50003887280639        5.0085929213423833E-006
   152.00003903677450        5.0251307942316280E-006
   152.50003906798884        5.0416599739582813E-006
   153.00003912787821        5.0582095774436416E-006
   153.50003929478817        5.0747631945326349E-006
   154.00003975693360        5.0913024631062179E-006
   154.50003982916320        5.1078371192807433E-006
   155.00003992268230        5.1244338295110821E-006
   155.50004004029341        5.1409842281922498E-006
   156.00004015905031        5.1574832130529694E-006
