   1.0000007152044488        32.000000000000000     
   2.0000013003492039        32.000000000000000     
   3.0000014009287006        32.000000000000000     
   4.0000024006542123        32.000000000000000     
   5.0000024353367980        32.000000000000000     
   6.0000029285727026        32.000000000000000     
   7.0000033933193411        16.000000000000000     
   8.0000043475858931        32.000000000000000     
   9.0000049506912738        32.000000000000000     
   10.000005167209697        32.000000000000000     
   11.000006101162164        32.000000000000000     
   12.000006990522737        32.000000000000000     
   13.000007105470733        64.000000000000000     
   14.000007508779648        32.000000000000000     
   15.000009161404822        64.000000000000000     
   16.000010885129296        64.000000000000000     
   17.000010888845289        16.000000000000000     
   18.000011360528443        16.000000000000000     
   19.000012186469430        64.000000000000000     
   20.000012824133531        32.000000000000000     
   21.000013312662514        32.000000000000000     
   22.000014223328101        32.000000000000000     
   23.000015926243023        64.000000000000000     
   24.000016092719431        32.000000000000000     
   25.000016247552402        32.000000000000000     
   26.000017185468593        64.000000000000000     
   27.000017588777510        16.000000000000000     
   28.000017668051989        16.000000000000000     
   29.000018573886788        64.000000000000000     
   30.000018633838113        8.0000000000000000     
   31.000020480933497        64.000000000000000     
   32.000021183751308        32.000000000000000     
   33.000021542468332        32.000000000000000     
   34.000021640570502        16.000000000000000     
   35.000021988387282        32.000000000000000     
   36.000022788564060        32.000000000000000     
   37.000023433784008        32.000000000000000     
   38.000023575487141        32.000000000000000     
   39.000023688948744        32.000000000000000     
   40.000024891938978        64.000000000000000     
   41.000024897389096        16.000000000000000     
   42.000025742900974        32.000000000000000     
   43.000026263139745        32.000000000000000     
   44.000026748200469        16.000000000000000     
   45.000027742104258        32.000000000000000     
   46.000027924435564        16.000000000000000     
   47.000028572999902        32.000000000000000     
   48.000029387545183        32.000000000000000     
   49.000029849319034        16.000000000000000     
   50.000030271703373        32.000000000000000     
   51.000032130689924        64.000000000000000     
   52.000032320948677        32.000000000000000     
   53.000032920461933        32.000000000000000     
   54.000033741572132        32.000000000000000     
   55.000034051733536        16.000000000000000     
   56.000034403514043        32.000000000000000     
   57.000034899475004        16.000000000000000     
   58.000035218554785        16.000000000000000     
   59.000035671410252        32.000000000000000     
   60.000036414113040        32.000000000000000     
   61.000036590251021        64.000000000000000     
   62.000037021306007        32.000000000000000     
   63.000037426101322        32.000000000000000     
   64.000037690184428        16.000000000000000     
   65.000038410095797        64.000000000000000     
   66.000038696474860        16.000000000000000     
   67.000038710843356        16.000000000000000     
   68.000039207919130        32.000000000000000     
   69.000040073001884        32.000000000000000     
   70.000040206405970        16.000000000000000     
   71.000040393196471        32.000000000000000     
   72.000040482875718        16.000000000000000     
   73.000040536385995        32.000000000000000     
   74.000041140110710        32.000000000000000     
   75.000041426985234        32.000000000000000     
   76.000041507746104        32.000000000000000     
   77.000041937314691        16.000000000000000     
   78.000042499668041        32.000000000000000     
